3
Team 1
p
Team 1 P1
0 0 0 -1 0 0 0 0 0 0 0 0 0 0 0 0 0 0 0 
Team 1 P2
0 0 0 -1 0 0 0 0 0 0 0 0 0 0 0 0 0 0 0 
Team 1 P3
0 0 0 -1 0 0 0 0 0 0 0 0 0 0 0 0 0 0 0 
Team 1 P4
0 0 0 -1 0 0 0 0 0 0 0 0 0 0 0 0 0 0 0 
Team 1 P5
0 0 0 -1 0 0 0 0 0 0 0 0 0 0 0 0 0 0 0 
Team 1 P6
0 0 0 -1 0 0 0 0 0 0 0 0 0 0 0 0 0 0 0 
Team 1 P7
0 0 0 -1 0 0 0 0 0 0 0 0 0 0 0 0 0 0 0 
Team 1 P8
0 0 0 -1 0 0 0 0 0 0 0 0 0 0 0 0 0 0 0 
Team 1 P9
0 0 0 -1 0 0 0 0 0 0 0 0 0 0 0 0 0 0 0 
Team 1 P10
0 0 0 -1 0 0 0 0 0 0 0 0 0 0 0 0 0 0 0 
Team 1 P11
0 0 0 -1 0 0 0 0 0 0 0 0 0 0 0 0 0 0 0 
3
Team 1 squad P1
0 0 0 -1 0 0 0 0 0 0 0 0 0 0 0 0 0 0 0 
Team 1 squad P2
0 0 0 -1 0 0 0 0 0 0 0 0 0 0 0 0 0 0 0 
Team 1 squad P3
0 0 0 -1 0 0 0 0 0 0 0 0 0 0 0 0 0 0 0 
Team 2
p
Team 2 P1
0 0 0 -1 0 0 0 0 0 0 0 0 0 0 0 0 0 0 0 
Team 2 P2
0 0 0 -1 0 0 0 0 0 0 0 0 0 0 0 0 0 0 0 
Team 2 P3
0 0 0 -1 0 0 0 0 0 0 0 0 0 0 0 0 0 0 0 
Team 2 P4
0 0 0 -1 0 0 0 0 0 0 0 0 0 0 0 0 0 0 0 
Team 2 P5
0 0 0 -1 0 0 0 0 0 0 0 0 0 0 0 0 0 0 0 
Team 2 P6
0 0 0 -1 0 0 0 0 0 0 0 0 0 0 0 0 0 0 0 
Team 2 P7
0 0 0 -1 0 0 0 0 0 0 0 0 0 0 0 0 0 0 0 
Team 2 P8
0 0 0 -1 0 0 0 0 0 0 0 0 0 0 0 0 0 0 0 
Team 2 P9
0 0 0 -1 0 0 0 0 0 0 0 0 0 0 0 0 0 0 0 
Team 2 P10
0 0 0 -1 0 0 0 0 0 0 0 0 0 0 0 0 0 0 0 
Team 2 P11
0 0 0 -1 0 0 0 0 0 0 0 0 0 0 0 0 0 0 0 
4
Team 2 squad P1
0 0 0 -1 0 0 0 0 0 0 0 0 0 0 0 0 0 0 0 
Team 2 squad P2
0 0 0 -1 0 0 0 0 0 0 0 0 0 0 0 0 0 0 0 
Team 2 squad P3
0 0 0 -1 0 0 0 0 0 0 0 0 0 0 0 0 0 0 0 
Test player
0 0 0 -1 0 0 0 0 0 0 0 0 0 0 0 0 0 0 0 
Team 3
p
Team 3 P1
0 0 0 -1 0 0 0 0 0 0 0 0 0 0 0 0 0 0 0 
Team 3 P2
0 0 0 -1 0 0 0 0 0 0 0 0 0 0 0 0 0 0 0 
Team 3 P3
0 0 0 -1 0 0 0 0 0 0 0 0 0 0 0 0 0 0 0 
Team 3 P4
0 0 0 -1 0 0 0 0 0 0 0 0 0 0 0 0 0 0 0 
Team 3 P5
0 0 0 -1 0 0 0 0 0 0 0 0 0 0 0 0 0 0 0 
Team 3 P6
0 0 0 -1 0 0 0 0 0 0 0 0 0 0 0 0 0 0 0 
Team 3 P7
0 0 0 -1 0 0 0 0 0 0 0 0 0 0 0 0 0 0 0 
Team 3 P8
0 0 0 -1 0 0 0 0 0 0 0 0 0 0 0 0 0 0 0 
Team 3 P9
0 0 0 -1 0 0 0 0 0 0 0 0 0 0 0 0 0 0 0 
Team 3 P10
0 0 0 -1 0 0 0 0 0 0 0 0 0 0 0 0 0 0 0 
Team 3 P11
0 0 0 -1 0 0 0 0 0 0 0 0 0 0 0 0 0 0 0 
3
Team 3 squad P1
0 0 0 -1 0 0 0 0 0 0 0 0 0 0 0 0 0 0 0 
Team 3 squad P2
0 0 0 -1 0 0 0 0 0 0 0 0 0 0 0 0 0 0 0 
Team 3 squad P3
0 0 0 -1 0 0 0 0 0 0 0 0 0 0 0 0 0 0 0 
